-1.0 0.0 0.0 -0.0 0.0 -1.0 0.0 -0.0 0.0 0.0 1.0 -0.0
-0.9999975352544904 0.0022130908290240482 0.00017808405408094102 -0.00915348621 -0.0022139367227864398 -0.9999855494916781 -0.004898907228662797 -0.029586380560000004 0.00016723975402365364 -0.004899289420930001 0.9999879858654861 1.2033524469999999
-0.9999982415119274 0.0018685351678182798 0.0001598417300561108 -0.002516860786 -0.001869455035748401 -0.999980476506051 -0.005962528372218976 -0.04232326383999999 0.0001486974154313428 -0.005962816704111208 0.9999822106361125 1.826153846
-0.9999991645353286 0.0010206888430022755 0.0007931726989648442 -0.020027915820000002 -0.0010270183711783524 -0.9999673038155984 -0.00802100573594775 -0.045690922200000005 0.0007849598141781931 -0.008021813637614327 0.999967516282946 2.444073654
-0.9999985169951231 0.0017077746956856807 0.00022251549500615432 -0.012343133506 -0.001709405369443926 -0.9999700618874923 -0.007546738504456821 -0.06444921317999999 0.00020962070426947001 -0.007547107681788474 0.9999714997740157 3.0150699260000002
-0.9999974122286567 0.002265237537499127 0.00021032092815814434 -0.002392425002 -0.0022668806957306686 -0.999964038794492 -0.008172048077187266 -0.07525386242 0.00019180173471596704 -0.008172503702247027 0.9999665877199704 3.5053491880000003
-0.9999879259432162 0.004886629652292098 0.0005184770248869108 0.004253340278 -0.00489119576035857 -0.9999456714289156 -0.009204911439328594 -0.08071080974000001 0.00047346786358349886 -0.009207336271331228 0.9999574994297298 4.055721186
-0.9999469646723607 0.009507521593935747 0.003959150886824088 -0.03268627714 -0.00954341402697499 -0.999912617692318 -0.009147689791594995 -0.09538032394000001 0.003871833068913422 -0.009184988456952991 0.9999503225538804 4.5311217599999996
-0.9999032852051921 0.012708464532474565 0.005649350844299103 -0.03441272428000001 -0.012756583324382792 -0.9998819503615232 -0.008564748856046618 -0.09858617164000003 0.005539839133334634 -0.00863598693293992 0.9999473622365895 5.01173893
-0.9998685355148167 0.014996885443499985 0.006164828821848336 -0.02382597888 -0.015043900935098223 -0.9998575528992348 -0.007652120945009143 -0.10140324260000001 0.006049192678622867 -0.00774385803696291 0.9999517184370124 5.49731391
-0.999865929070843 0.014503659082834415 0.007600510267820087 -0.03191419308 -0.014570258103567352 -0.9998552852713074 -0.008781576944724792 -0.10594842015999999 0.0074720453637376755 -0.008891140986937893 0.9999325544755475 5.9625519360000006
-0.9998762550030175 0.012943124429510339 0.008941488185648942 -0.035416916039999996 -0.013025806696954667 -0.9998723606355001 -0.009251529436351618 -0.12291837272 0.008820603203038777 -0.009366854702637496 0.9999172247054937 6.366693586
-0.9998977061998453 0.01000732017380643 0.010219133000382945 -0.03332584596 -0.010097888268301372 -0.9999098527900011 -0.008849799209352258 -0.12399994222 0.010129648999915565 -0.008952085592970902 0.9999086215286046 6.792657234
-0.9998926928020592 0.008006070321494868 0.012268077236642314 -0.03091814462 -0.008097108634497812 -0.9999399169618455 -0.007389133786548185 -0.12318854328 0.012208182208587945 -0.007487676833414088 0.9998974425115454 7.1623823479999995
-0.9998868049358337 0.006081085587822174 0.013762184175994733 -0.019213441104 -0.00612849833888856 -0.999975421394967 -0.0034056003979671006 -0.13395947752 0.013741136173208476 -0.003489556423669772 0.999899497126842 7.539473480000001
-0.999873620012675 0.0047121189410660675 0.01518354167140413 -0.008474783768000002 -0.004739650846455186 -0.9999871874885204 -0.0017777988180516344 -0.13769384244000002 0.015174969932613242 -0.0018495388260362528 0.9998831417577887 7.874837168
-0.9998500917877708 0.0026025099865695897 0.01711785306371871 0.0029133352380000003 -0.002705226729364203 -0.9999784595670864 -0.005980146331361948 -0.14314897278 0.017101920947191634 -0.006025557532010947 0.9998355933294809 8.191422866
-0.9997847871167302 0.001999773151687781 0.02064897956027321 -0.007780245176000001 -0.002210354437209003 -0.9999457358002746 -0.01018036286212455 -0.15332246798 0.020627500643575377 -0.010223813480517093 0.9997349528721995 8.486398932
-0.9997231595421543 0.0027575871555126984 0.02336664263678733 0.010843487380000003 -0.003005646069174621 -0.9999394338525668 -0.010587479318113954 -0.1578685185 0.02333603151228656 -0.010654780133085193 0.999670898432522 8.750838095999999
-0.999651042847994 0.0029901624500972817 0.026245979915883018 0.02543700896 -0.00316503735897329 -0.9999730528107721 -0.006623910540211473 -0.16092067948000002 0.026225466091934567 -0.006704668586175569 0.9996335699118328 9.014504795999999
-0.999568748938864 0.0026678685774910323 0.029243779196908855 0.02966972624 -0.002735833009695376 -0.9999936485769197 -0.002284299358235784 -0.15939402445999998 0.02923749924681289 -0.0023633203481989596 0.9995696983328861 9.235353072
-0.9995000798614373 0.004412519187990965 0.03130686875405904 0.05108061222 -0.004369673590538069 -0.999989420645497 0.0014368541299769656 -0.16705391428000002 0.03131287769401625 0.0012993350200349691 0.9995087866397987 9.425426384
-0.9994097939774098 0.005745196233811296 0.033868221430008276 0.05687499576 -0.005676311190309907 -0.9999816217343619 0.002129714723625509 -0.17528195453999998 0.03387983461984185 0.0019362111889629323 0.9994240390390903 9.607014868
-0.9993284422851004 0.004568671211850091 0.03635645313429421 0.05514483986 -0.004535521882959288 -0.9999892202359022 0.0009942098669102496 -0.17602577608 0.03636060343830004 0.0008286467089637703 0.9993383927264408 9.769009668
-0.99926907034787 0.0031948608511621302 0.03809354159442738 0.0672485363 -0.0031932731103597716 -0.9999948962348402 0.00010252375663024717 -0.18026153331999997 0.03809367472307326 -1.919426299535964e-05 0.9992741736912609 9.901581030000001
-0.9991678897492595 0.0020095835500094474 0.04073683430574476 0.07005271262000001 -0.0020963627051759047 -0.9999956235170957 -0.0020876326473250714 -0.18023283256 0.0407324607494627 -0.002171294686900272 0.999167731270131 10.043578732
-0.9990917032806276 0.0021116063595696655 0.042559482536985695 0.07128813164 -0.002318947761568497 -0.9999856803645408 -0.004823022614132066 -0.19225909428000001 0.04254868877548263 -0.00491733509530699 0.9990822927173089 10.17436728
-0.9990315443400457 0.0006416614137087093 0.043995018852212235 0.07468265705999999 -0.0009190285153169536 -0.9999798295469462 -0.006284575231540991 -0.19709835639999998 0.04399009888332132 -0.006318921575951194 0.9990119827473558 10.283647154
-0.9989409838197968 -0.0012874373939382663 0.04599188354552836 0.08065492335999999 0.001045964570721699 -0.9999855452547892 -0.0052740155124571956 -0.19833469128 0.04599800870935119 -0.0052203243640154785 0.9989278928587388 10.406066264000001
-0.9988757273757826 -0.0025421519331930193 0.04733728679369425 0.09224806646 0.0023569763629837557 -0.9999893527771139 -0.003967240201166552 -0.20294071468000002 0.04734686811040655 -0.003851207075447794 0.9988710820818429 10.516552794
-0.9987952871252039 -0.003925737181630638 0.048913832433772404 0.09360832712 0.00374155448321488 -0.9999855641951082 -0.0038564454400313404 -0.20301059372 0.04892826571448795 -0.0036687857614702193 0.9987955564872182 10.621413
-0.9987228032232167 -0.005435702611884463 0.05023161813015104 0.09892781492000001 0.0052172630183147444 -0.9999763602292583 -0.004478744160912356 -0.2032414153 0.05025477578753975 -0.004210952359779628 0.9987275538386438 10.7277577
-0.9986498341582757 -0.007474710054043828 0.05140658948655252 0.10926536719999999 0.007234125684790088 -0.9999620012865933 -0.0048645049505792815 -0.20483008172 0.0514409968663868 -0.004486055332419129 0.9986659578027655 10.818539776
-0.9985606927031031 -0.009773851011135508 0.052735328065569284 0.10850971428 0.009518912300264968 -0.9999417734164855 -0.005083314408279646 -0.20819903104 0.052781941025230955 -0.004574014994038012 0.9985955873789956 10.91204587
-0.9984874120794067 -0.011996023538679514 0.05365615843293766 0.11030115580000001 0.011787286837211053 -0.9999216856671593 -0.004205044772743177 -0.21135440018 0.05370240020276907 -0.003566223742687877 0.9985506164780289 11.003608550000001
-0.998514087844759 -0.013931978763745887 0.05268316945853756 0.12257902294 0.013760667590746664 -0.9998987897355258 -0.0036130752760452647 -0.21307710908 0.052728174669027045 -0.0028827509812553638 0.9986047419186752 11.10929193
-0.9986130742240615 -0.014892436402970693 0.050498943818936964 0.12842344372 0.01475971708215798 -0.9998865687135909 -0.003000076302731984 -0.21709795382 0.05053789410431872 -0.0022505652958830983 0.9987196084609777 11.204471938
-0.9987226361666557 -0.016090701694496477 0.04789765469575552 0.1256192289 0.015955776068344963 -0.9998675842629716 -0.003197991554699706 -0.21683241425999997 0.0479427702206697 -0.0024296623028372943 0.9988471276786786 11.3063126
-0.9988704349698219 -0.017570670943539625 0.04414890335603854 0.12228226252 0.017404380526112373 -0.9998399272953115 -0.0041481712665000755 -0.21557511382 0.0442147224739595 -0.0033751013240773697 0.9990163512681638 11.398386824
-0.9991124835790932 -0.018459501542502497 0.03786148384696165 0.13097859543999998 0.0183349055278014 -0.9998252921105845 -0.003635449799755631 -0.2202279838 0.03792197773821914 -0.002938036548835518 0.9992763838220984 11.497539504
-0.999347370592464 -0.01890252162210418 0.03078193572849827 0.13313536478 0.018814822614289205 -0.9998180667175437 -0.0031362263068773996 -0.22495385440000001 0.030835618055429757 -0.0025550228533228994 0.9995212050751336 11.593147389999999
-0.9995184586606012 -0.01983785234364925 0.023860226544853057 0.12715348514 0.0197635091863166 -0.9997990784885462 -0.0033475898714934197 -0.22568868740000003 0.023921841505672586 -0.0028744160619012683 0.999709698739174 11.69754795
-0.9996619276429355 -0.020533403222445745 0.01595022801901904 0.11780382526 0.02048825634621206 -0.9997856263240399 -0.002988770329772037 -0.2302332494 0.016008178336280078 -0.0026609675489714223 0.999868321678177 11.796336178
-0.9997488404486259 -0.02163699076108796 0.005839233883871963 0.10976611624000002 0.02162504650265338 -0.999763943785239 -0.002100968982709478 -0.23256780799999996 0.0058833141428996545 -0.0019741675999830023 0.9999807441261837 11.898466822000001
-0.9996887648167911 -0.023820108366506963 -0.007414575976553911 0.10185993796 0.02382749708027987 -0.9997156709356992 -0.0009097630806524582 -0.23069876059999997 -0.007390797141951584 -0.0010861507176855893 0.9999720991757279 12.016032358
-0.9993996798359999 -0.025561126081648976 -0.023386080836171972 0.09320264118 0.02556854599786683 -0.9996730711195558 -1.827039020766872e-05 -0.23503534339999999 -0.02337796823919679 -0.0006162075058245239 0.9997265076074806 12.120123202
-0.9987393396642842 -0.02668802890775343 -0.04251447425245544 0.06786797094 0.026732761771402803 -0.9996424987389352 -0.00048390426059036554 -0.2369419294 -0.04248636082341255 -0.001619823533262163 0.9990957345981881 12.26364788
-0.9976277318656818 -0.025876076933490085 -0.06379135719159922 0.03335888886 0.02600284113392402 -0.9996611987058617 -0.0011576072455704864 -0.2438531678 -0.06373979026305314 -0.002813617618510107 0.997962584670036 12.399381434
-0.995824434678473 -0.02454923360996694 -0.08792627840881463 0.013783338183999998 0.02480491496988267 -0.9996906607713394 -0.001816304082229541 -0.24700876859999998 -0.08785449048852313 -0.00398972384326317 0.9961253307701339 12.552614184000001
-0.9930920405404816 -0.022820095284926362 -0.11509753365222003 -0.02211283558 0.023282975265454472 -0.9997253261274536 -0.0026786865452763653 -0.2551153198 -0.11500479148463891 -0.005339995318957765 0.9933505818634736 12.720985002
-0.9893061370628057 -0.02149748675069205 -0.14426096229384935 -0.07646847516 0.022288598345546255 -0.9997440887504099 -0.0038698052420161433 -0.2500696638 -0.14414085320385236 -0.00704379671938668 0.9895321121516318 12.884119138
-0.9840112817961278 -0.017770176673421567 -0.1772174316899277 -0.13822040672 0.018604421332555243 -0.9998222805375366 -0.0030467765477042736 -0.2576104784 -0.17713179494562675 -0.0062950902651400815 0.984167006183077 13.075148108
-0.9764545150406622 -0.01343808881118356 -0.21530443054804194 -0.17886474694 0.014837959113481446 -0.999877969778899 -0.004886769905627936 -0.26974444200000003 -0.21521248805276266 -0.007966386876535758 0.9765347513749152 13.26273223
-0.9669157670631284 -0.008041419406172142 -0.2549690863522287 -0.26298444480000005 0.010008576008050687 -0.9999293111221436 -0.00641881337335793 -0.2740014662 -0.25489944650321883 -0.00875832933640683 0.9669279005326794 13.459967048
-0.9553154484271462 -0.0036833104638455023 -0.29556526720142196 -0.37104912239999993 0.006829605846403087 -0.9999304675346596 -0.009613354244501575 -0.2685654444 -0.2955093068514151 -0.011202380098640908 0.9552741775489879 13.672478292000001
-0.9411423539744546 0.0005341499985748379 -0.3380100355288028 -0.4702849206 0.0041990113593635215 -0.9999031105304463 -0.013271693748079296 -0.2693751456 -0.3379843749909268 -0.013909861074715786 0.9410489222329648 13.880446888
-0.9244527792389738 0.0066400623968991285 -0.3812387291615335 -0.5786828871999999 -0.0005399941452244685 -0.9998701538652451 -0.01610539710651095 -0.278439282 -0.3812961676278152 -0.014682812434972197 0.9243363293255091 14.090600722
-0.9051805393309102 0.014151787572200373 -0.42479161725459164 -0.7142957491999999 -0.00674190740491757 -0.9997978585487708 -0.018941719187027518 -0.2829161368 -0.4249738084468308 -0.014281769838784122 0.9050929744917804 14.314063104000002
-0.8833431357474613 0.020642064177712378 -0.4682721532284897 -0.8554665834000001 -0.011059510903952952 -0.9996695705929606 -0.0232042420348851 -0.2832406258 -0.46859640579215744 -0.015318446929482976 0.8832795424036026 14.529891705999999
-0.8589080012526951 0.025098669348871616 -0.5115145178664567 -1.0322013152 -0.012598116804047078 -0.9995315998040136 -0.0278902930350423 -0.2813583366 -0.5119749336092826 -0.017511076194938864 0.8588218831779895 14.74616176
-0.8308263389570854 0.028248239117197448 -0.555814386030931 -1.20627727 -0.012902641909353474 -0.9994202494001629 -0.0315069344984116 -0.27673259899999997 -0.5563821677263949 -0.01900531705880856 0.8307091452031992 14.962656851999999
-0.7998474820263521 0.030548756142375164 -0.5994253740263082 -1.3745690398 -0.01164428259568915 -0.9993057245382263 -0.03539038835721341 -0.285230429 -0.600090340041612 -0.02132703456639839 0.7996478860573337 15.13582741
-0.7662220159590324 0.03319697921929 -0.641717837643567 -1.5993187826 -0.011229824864539108 -0.999203886615468 -0.03828164060150604 -0.2760965284 -0.6424777923109353 -0.022125856917758563 0.7659848139857612 15.364229539999998
-0.7290496552951813 0.03725983680255973 -0.6834459045326366 -1.8358147984 -0.011305325182691107 -0.9990365218546836 -0.0424053961437712 -0.26812069019999996 -0.6843674374804085 -0.023189061236780814 0.7287684655233662 15.585735593999999
-0.6900680156707031 0.039562587385296305 -0.7226623939401531 -2.094876619 -0.012378136610958955 -0.9990039237112479 -0.04287122746288814 -0.2506850302 -0.7236386637472965 -0.020638849035618495 0.6898703669991673 15.786818058000001
-0.6491539535277651 0.03986224952988934 -0.7596118388698884 -2.3845785260000003 -0.012795405086712577 -0.999056865414927 -0.04149285813431581 -0.2315817768 -0.7605494213379848 -0.017215711716463092 0.6490517678118648 16.001352092
-0.6066510265768075 0.0423386573498352 -0.793840014858166 -2.6845762019999997 -0.01620740582593308 -0.9990319216898261 -0.040896692274770635 -0.22842948259999998 -0.794803026600046 -0.011943933038870385 0.6067499385000945 16.198174652
-0.5622983616606583 0.04434357341388663 -0.8257446340853699 -3.0089165700000002 -0.018602140594996878 -0.9989868027604465 -0.04097960806890791 -0.21698933102 -0.8267251741595741 -0.0076821487283559205 0.5625535296127102 16.38099595
-0.5157338688390105 0.04588595813964519 -0.8555191728288568 -3.370840616 -0.019036999772707282 -0.9989319438520876 -0.04210183120579768 -0.19710783070000001 -0.8565373131812873 -0.005426821982916493 0.516056566464947 16.570165655999997
-0.46649305088009874 0.044862015642612 -0.8833864578233609 -3.7392188020000003 -0.017164556963573045 -0.9989840455528598 -0.04166838989775841 -0.17995053472 -0.8843583053816292 -0.004275077181688607 0.46678915337317295 16.726846950000002
-0.4153767298770372 0.04548400488106677 -0.9085116272391013 -4.131984626 -0.019542697256710526 -0.9989648273211912 -0.04107744828675121 -0.16884639089999998 -0.9094395276831732 0.0006921515710125135 0.4158356220937711 16.866513268000002
-0.35970318497885956 0.0450327996996524 -0.9319794340930301 -4.530099838 -0.021793236546116 -0.9989676483344887 -0.0398584046563991 -0.15127391554000003 -0.9328122391253229 0.0059736531636186 0.3603132551048376 17.015503164000002
-0.3060641004141612 0.04294353784758315 -0.9510418599238235 -4.96222034 -0.02122594712354583 -0.9990415912083295 -0.038279997454242445 -0.12707553012 -0.9517742515633321 0.008470631235130264 0.3066822836320231 17.127562122
-0.2540116322944942 0.048658607919666905 -0.9659764138400156 -5.424304512 -0.021668703587299804 -0.9987693387948573 -0.04461250016199747 -0.11029859544000001 -0.9669584062950912 0.009599362540221808 0.2547534010751644 17.207956392
-0.203165020240338 0.05334932580214423 -0.9776900445347283 -5.911782733999999 -0.022796577121305003 -0.9985016140565416 -0.049747791875823566 -0.0917751835 -0.9788790986722593 0.012180975388881275 0.2040767816409459 17.280583958
-0.15405766777799745 0.05451825187514338 -0.9865566354778011 -6.403681152 -0.02605779928872241 -0.9983534812351164 -0.05110105284191119 -0.07241771372000001 -0.9877181915349283 0.017834985780806414 0.15522463435888412 17.344863668000002
-0.1092474327671139 0.054463925534028665 -0.9925213743764492 -6.925446396 -0.025181394996424467 -0.998328986567989 -0.052010882735609346 -0.04961664906 -0.9936955746730112 0.019311017381977533 0.11043635572707844 17.386983372
-0.0687019931373728 0.05230067278926251 -0.9962653653054598 -7.4725255 -0.023919192990716834 -0.9984241748810965 -0.05076454691650664 -0.03201403898 -0.9973504452739286 0.02034223789940176 0.06984472320872315 17.407311548
-0.03421740786101213 0.046883700098718825 -0.9983141236452074 -8.026802542 -0.01911135844510688 -0.9987471086361458 -0.04624898887179245 -0.002368894286 -0.9992316682245553 0.0174966184828364 0.03507055023118966 17.399940051999998
-0.005122807472423885 0.04631947547590535 -0.9989135419284536 -8.610178808 -0.015836181626752092 -0.9988051378255326 -0.04623323486692112 0.029733340999999996 -0.9998614771096523 0.01558213228067245 0.005850211267924621 17.39405591
0.01510400906992837 0.05094490446315056 -0.9985872446557251 -9.210857127999999 -0.014559881238967728 -0.9985840756104237 -0.051164966480813465 0.048700142040000005 -0.9997799149503754 0.015312107820808732 -0.014340871599672678 17.363374511999996
0.02898169917984017 0.05627729987860709 -0.9979944521682493 -9.845197537999999 -0.01464580223049471 -0.9982827606234175 -0.05671887092487718 0.07980393564 -0.9994726417052424 0.016260238631120152 -0.028107704531007527 17.34831131
0.03678188895498602 0.05925700180996871 -0.9975648857992147 -10.482607388 -0.014077650100827541 -0.9981105975512267 -0.05980848456022696 0.10297071356 -0.9992241557382134 0.016243238416202652 -0.03587819286497329 17.32169043
0.04081725149340154 0.055931211408076595 -0.9975999459519967 -11.147823566 -0.01464250676599567 -0.9982913083945 -0.05656907795410685 0.1402211833 -0.999059332356497 0.016916358219046128 -0.03992853368843885 17.293492128
0.039725805435042894 0.05208040142520523 -0.9978524390998221 -11.807946502000002 -0.022923330205184916 -0.9983304148898421 -0.053017955779572155 0.16879083606 -0.9989476359461386 0.024980282026632376 -0.03846562545782273 17.268949896
0.03660299811122414 0.049852788190920115 -0.9980856276858308 -12.512932695999998 -0.03436144467383107 -0.9981015369293842 -0.05111372711327915 0.20491399785999997 -0.998738960791735 0.03616657972596769 -0.03482049469933701 17.257644646
0.030890509478470607 0.05025336533898575 -0.9982586719965821 -13.216360739999999 -0.03475357579812466 -0.9980773921197373 -0.05131966786406585 0.23434557519999996 -0.9989183980253428 0.03627834908785755 -0.02908463449651566 17.233817128000002
0.025753490572628435 0.049057409273104285 -0.9984638849170601 -13.955291306 -0.033419883370810366 -0.9981946124889144 -0.04990618193809161 0.26275526200000004 -0.9991095386811891 0.034653804921936204 -0.024067501512299416 17.210846884000002
0.021848239341634823 0.04300027228385998 -0.9988361391825538 -14.665488464000001 -0.0370893310792295 -0.9983520196324517 -0.043790711560672047 0.2895799962 -0.9990730893551738 0.03800291413047924 -0.02021738066501444 17.184107204
0.020345666947274355 0.0319140170409398 -0.99928351694738 -15.462478174000001 -0.03539856775190032 -0.99884074698684 -0.0326206002012272 0.326345162 -0.999166148909944 0.03603689321632465 -0.019192372742692698 17.193801108000002
0.019158840173596703 0.023717905663465516 -0.9995350916445205 -16.234856901999997 -0.027850663737729958 -0.9993179891645304 -0.024246588652485253 0.34625972260000004 -0.9994284761838883 0.028302252257618718 -0.01848521458001784 17.161256398
0.020430381325472702 0.020888300539893837 -0.9995730469983001 -17.02431775 -0.022305099692503216 -0.999523362461935 -0.021343158611086877 0.3659683522 -0.9995424352735697 0.022731625378436753 -0.019954729903130852 17.139986248
0.023216767476564648 0.027251109444392255 -0.9993589749256664 -17.85711015 -0.012642375280874606 -0.999540484894574 -0.027549762338098933 0.3811657718 -0.9996505159692994 0.013273887587212683 -0.022861578292999285 17.090071548
0.027694885175281403 0.03531936836455476 -0.9989922587407576 -18.694894922 -0.007683013476297178 -0.9993385573710276 -0.03554460653725629 0.4032276952 -0.9995868957272074 0.008659674837672325 -0.027405209874662106 17.044687242
0.032870174840996524 0.04488027795911395 -0.9984514564785685 -19.573891546 -0.0050561529883867 -0.9989710318907838 -0.04507008718333608 0.4323312642 -0.9994468398123135 0.006529784994022177 -0.03260943219730428 17.028370898000002
0.034144379206652475 0.055164734405706295 -0.9978932867626525 -20.441337994 -0.0038687959462570948 -0.9984607112205823 -0.055328478781850134 0.4625487482 -0.9994094216615871 0.005749802112707869 -0.03387840166963052 16.985056351999997
0.035348769088273 0.06240359944237576 -0.9974248123857249 -21.325268316 -0.00501418022590263 -0.9980249184849685 -0.06261884765595857 0.5026396144 -0.9993624585618198 0.007214766921633746 -0.03496604846887186 16.947716852
0.036775770649956074 0.0634823246927142 -0.9973051372335219 -22.19661378 -0.0058634493546476235 -0.9979493424962821 -0.0637395463752907 0.5441270758000001 -0.9993063405494987 0.00819171911573871 -0.03632813112211408 16.918764148
0.039092245380251134 0.060678376077302754 -0.9973915647246435 -23.094349960000002 -0.005249220638509144 -0.9981283034981477 -0.06092893764740823 0.5922200966 -0.9992218194124564 0.00761737728978432 -0.03870056011239298 16.888241568
0.04153803550380464 0.05571600452869213 -0.9975822364871243 -23.97995292 -0.005171950654828551 -0.9984186029051795 -0.055978069808263434 0.6312529674 -0.999123537227363 0.0074846651490600435 -0.04118418684465919 16.840225401999998
0.04600777294291558 0.05075163198902931 -0.997651019262604 -24.862131799999997 -0.004941882699362833 -0.998684785306811 -0.05103212117398993 0.6636789258 -0.9989288574171078 0.00727814856822738 -0.0456964546555646 16.794297696
0.05219516986637207 0.04595088193856599 -0.9975791606154334 -25.80184464 -0.005069789816633006 -0.9989157476372078 -0.04627770904708158 0.7029326304 -0.9986240345977759 0.007472989528906265 -0.05190561486468137 16.750394034000003
0.05844269009800285 0.04418684426171743 -0.9973123754707836 -26.68696558 -0.00415234978226315 -0.9990005334352727 -0.044504968114279064 0.7326583726 -0.9982821291920798 0.006742179896590306 -0.058200799823306726 16.679362414
0.06498033771589196 0.046441528071136905 -0.9968052666351729 -27.63729826 -0.003513671341318282 -0.998899591458185 -0.046768154739819226 0.7678336468 -0.9978803581767232 0.006541456602338652 -0.06474565308380187 16.617985934
0.071663808306617 0.05121415680389439 -0.9961131504026929 -28.57058578 -0.0015213742447883968 -0.9986741408158976 -0.05145528044471469 0.8073230417999999 -0.9974276834351045 0.005202942254442299 -0.07149087658435826 16.558482754
0.07720259812107488 0.05436392750918915 -0.9955321809038521 -29.51560964 0.0014083112344886184 -0.9985172647640562 -0.0544177234817082 0.8370769836 -0.9970144314346062 0.0027991704557726767 -0.07716468752371353 16.460825128
0.08161650468413684 0.056902527008805784 -0.9950381142919802 -30.415761860000003 0.005895619363730887 -0.9983789609990004 -0.05660999829835705 0.8875194834000001 -0.9966463706581417 -0.001246055790932038 -0.08181967650005295 16.376494045999998
0.08424524668954425 0.05814545918506933 -0.9947471260372086 -31.396511519999997 0.011100312767748474 -0.998288835979457 -0.05741239427561686 0.9414024268000001 -0.9963832205730819 -0.006205282923296869 -0.08474652132506089 16.29009525
0.08562081707259472 0.059233775438883474 -0.9945654503901425 -32.32892762 0.015528250936097217 -0.9981892489388677 -0.058112793127004216 0.9916528864 -0.9962067800840128 -0.010468197046880463 -0.08638557640403066 16.20067735
0.08700982538484259 0.05981113266260567 -0.994410336851909 -33.2829046 0.015174749555990547 -0.9981598040909833 -0.05870887898647516 1.0172620898 -0.9960918715681923 -0.009981678493710622 -0.08775732982411277 16.10795769
0.08829151778115096 0.058867075185321666 -0.9943536978018072 -34.22132978 0.01571307943836467 -0.9982102925746158 -0.05770018140598586 1.0630714754000001 -0.995970736521694 -0.010529922072158037 -0.08905848392015225 16.01610527
0.08988018815698107 0.058036374733568 -0.9942601920261014 -35.19424194 0.017403233235779993 -0.998239828416403 -0.0566954357391246 1.1054448768 -0.9958005210447203 -0.012207545555640301 -0.09073200557899352 15.937054364
0.09059373963192296 0.05763940556230142 -0.994218522770813 -36.12088634 0.01934106853250556 -0.9982372406907496 -0.05611002016137708 1.1366148024 -0.9957001030240852 -0.014146031984756564 -0.09154885442518201 15.847948644
0.09116910755009422 0.05554703260983308 -0.9942850304941703 -37.09082608 0.024395152837721507 -0.998268064433252 -0.053532682093190696 1.1902790349999999 -0.9955365745237968 -0.01937520844555101 -0.09236628608504471 15.743037991999998
0.09102739708367635 0.050597841444959324 -0.9945621515992084 -38.040629440000004 0.02946266575607928 -0.9984080513512815 -0.04809692637123843 1.2430285164000001 -0.9954124603796567 -0.024924314251861254 -0.0923732316247815 15.639568296
0.08947309715349228 0.04970231979821294 -0.9947483323829074 -39.02702166 0.030104367138241626 -0.998432722467989 -0.04717865815244255 1.2807793504 -0.9955341744265263 -0.02572504834855021 -0.0908291244152657 15.524484228000002
0.087955517597609 0.053745278697938735 -0.9946734504164348 -40.006667799999995 0.0316276087461737 -0.9981906319003905 -0.05113860335399275 1.3218449442 -0.9956221784947611 -0.02696122040410883 -0.08949620739768804 15.450173508000002
0.08624329853916657 0.05856910565978113 -0.994551031858517 -40.991097180000004 0.030864660441979566 -0.9979483850877563 -0.05609272180648604 1.3308769232 -0.9957958966798511 -0.025858858560886388 -0.0878740745402844 15.347611575999998
0.08401950233645938 0.05728481822824686 -0.9948161515790113 -41.95623234 0.029820892884843485 -0.9980435782910105 -0.054952071702033506 1.3862876521999998 -0.9960177911008761 -0.025049260215652208 -0.08556340677480057 15.246523314000001
0.08226422683726042 0.05598695133237928 -0.9950367119828862 -42.94625346 0.028895751837820748 -0.9981350465059418 -0.053772339192083116 1.4284656056 -0.99619156412757 -0.024328793989163395 -0.0837285929961934 15.174587142
0.077530784583135 0.05696241534413917 -0.9953613723378306 -43.951256799999996 0.03243290857878584 -0.9979821945375685 -0.054586132201442476 1.4780072252 -0.9964622846576824 -0.028050358745567126 -0.07922179855178113 15.084500024000002
0.0717935036020303 0.057636873254678214 -0.9957528231006447 -44.933969739999995 0.037884469889458414 -0.9977661808918589 -0.05502195209021349 1.5244082414 -0.9966997846958101 -0.03377334913873939 -0.07381667132940661 14.997820111999998
0.06571808315616101 0.05702806584362055 -0.9962072747238654 -45.93229256000001 0.04100216770347133 -0.9976766329473253 -0.05440733697395874 1.569085628 -0.9969954647591089 -0.03727111185780702 -0.0679036693454621 14.924307574
0.05999116505770519 0.0560357767555916 -0.9966248301843268 -46.93072648 0.0429449053234872 -0.9976435372992344 -0.05350801428289185 1.620063786 -0.9972746840882392 -0.03958995086052695 -0.0622562489579247 14.855888168000002
0.054544258578919536 0.05491233422166088 -0.997000281226377 -47.93406684 0.04191279319598615 -0.997732566979761 -0.052659686263873365 1.6628217297999999 -0.9976313161592596 -0.03891478306797673 -0.056722111145377285 14.802208431999999
0.0492413891790382 0.053889764454104046 -0.9973320301083242 -48.93182888 0.04060880361138355 -0.9978256991013141 -0.05191145616320928 1.7151315301999999 -0.9979610263242558 -0.03794426832624264 -0.05132272301435392 14.746239134000001
0.04325442356796416 0.05515285468698985 -0.9975405841170758 -49.934195960000004 0.0384109613441554 -0.9978286432369351 -0.05350324086924399 1.7329079745999998 -0.9983254240924543 -0.03600224096872752 -0.04527897743245235 14.69445428
0.037189346543793134 0.05531555258980203 -0.9977760974876728 -50.95965776 0.037412482410764655 -0.9978438832014831 -0.05392486360002739 1.8050592626 -0.9986076593116584 -0.03532385024458942 -0.0391786554835899 14.629344092
0.03225310550315741 0.055199151035113 -0.9979543035370368 -51.980489 0.03885848752279408 -0.9977881201109918 -0.05393408305549849 1.8703065986000003 -0.998724064079028 -0.03703945318979934 -0.03432672002430881 14.601883956
0.026878096075494406 0.053055739971722735 -0.9982297614676929 -52.999620740000005 0.03862065097092397 -0.997900104803141 -0.051998328367548655 1.9329073434000001 -0.9988923933749703 -0.037154667142773434 -0.028870701840804203 14.571445658
0.021754130908786973 0.05071269736953676 -0.9984763285489864 -54.00505308 0.037315590420679695 -0.9980579581406334 -0.04987844124435407 1.9314514626000001 -0.999066716019863 -0.03617367157085636 -0.023604259130613037 14.522218215999999
0.017722461276199475 0.0448171358502547 -0.9988379945794194 -55.02810918 0.03713612610592814 -0.998335089789953 -0.044135661693246425 1.9693095576 -0.9991530529498976 -0.03631078117358415 -0.019357289075632833 14.500522058
0.013984110794631688 0.04293684980832808 -0.998979915644943 -56.068879460000005 0.03747912237570599 -0.9983980374899232 -0.042387192908614195 2.022949324 -0.9991995598074428 -0.03684814330820884 -0.01557094393761449 14.480405082
0.010848597967119566 0.04701510715877982 -0.9988352659179841 -57.110202380000004 0.03538054227144989 -0.998286627502037 -0.046605005960496444 2.0274795178000002 -0.9993150283925384 -0.034833734379882554 -0.012493429452328675 14.465567775999999
0.009537904833307964 0.04616212399438341 -0.9988884247606761 -58.14410888 0.03592752822055545 -0.9983047114266849 -0.0457920938222634 2.067512183 -0.9993088809414729 -0.03545083142879661 -0.011180227888844207 14.458917880000001
0.008256117939511087 0.04560231848642053 -0.9989255559629964 -59.192030700000004 0.03759097554634179 -0.9982676527748279 -0.04526159501307556 2.1070730054 -0.9992591037187466 -0.03717690108543747 -0.00995604983542786 14.44031402
0.006800394140055843 0.04671233351320692 -0.998885235062019 -60.23380374 0.03875029754843463 -0.9981703530768642 -0.046415091067870964 2.1355365482 -0.9992257849790815 -0.03839145916322924 -0.008598068356993283 14.414934248
0.005504089737337958 0.04644476204849207 -0.9989056957439244 -61.288083560000004 0.0393645351556505 -0.9981566196510573 -0.046193029978544756 2.1692122386 -0.9992097568996083 -0.03906720779474941 -0.00732222015923456 14.401256320000002
0.004635430678741725 0.0448019946107175 -0.9989851321249571 -62.33468494 0.039022421956823 -0.9982430528301225 -0.044587644715495124 2.1936538338 -0.9992275834425511 -0.038776136418586134 -0.006375568665414111 14.38838962
0.004532574849726023 0.04300594939010757 -0.9990645344063277 -63.38870428 0.037791638589004986 -0.9983684510786052 -0.04280453180894083 2.2314628599999997 -0.9992753612714741 -0.037562271066591595 -0.006150445201616339 14.391670524000002
0.004174762630699824 0.04244619587998232 -0.9990900312625106 -64.44523822 0.034738169364105266 -0.9985018753010898 -0.042276052412463704 2.265944428 -0.9993877274121576 -0.03453006622740263 -0.005643012696011307 14.375675907999998
0.0032380387296686575 0.04292404568967665 -0.9990730907785784 -65.49742056 0.03217772803867331 -0.998565435854229 -0.04279794544762279 2.300556082 -0.9994769173094996 -0.03200932079721577 -0.004614592510637006 14.35472027
0.0022348513302243855 0.04581311394438939 -0.9989475277575026 -66.55064768 0.03196976699911229 -0.9984426665987634 -0.045718437330064546 2.326989764 -0.9994863373854244 -0.03183394579060164 -0.003696006315468625 14.3326304
0.002241927127187404 0.04832701196830492 -0.9988290510262643 -67.62146358 0.03546640027496372 -0.9982070053765961 -0.048217308798029226 2.37335813 -0.9993683543675718 -0.035316771234128505 -0.003951893016261421 14.327503542
-0.0005706889343931598 0.0494704486335192 -0.9987754250706414 -68.63657614 0.03680626527696904 -0.9980977975187404 -0.04945791570548737 2.386050458 -0.9993222572570889 -0.03678941833690837 -0.0012512183880167838 14.291970506
0.0010231039051709079 0.04835538088445832 -0.9988296708580633 -69.71710966 0.03769239008961634 -0.9981222777785609 -0.0482825261696582 2.41036114 -0.9992888661324313 -0.03759887955126456 -0.002843811691991993 14.303433297999998
0.002225751457052727 0.044913982535213365 -0.9989883784439209 -70.78992668 0.036966994117819105 -0.9983117218711249 -0.04480119775975258 2.462562278 -0.9993140084273215 -0.03682988117876408 -0.0038823286351382658 14.313382577999999
0.0011926722427613168 0.044794374619166126 -0.9989955163574277 -71.82508828 0.03498782916299228 -0.9983864481960282 -0.04472529339478639 2.4837689139999997 -0.9993870268870949 -0.03489934184574634 -0.002758005564309274 14.290050939999999
0.001207671843682201 0.04637453178643307 -0.9989233918159213 -72.88517720000002 0.03341838417875609 -0.9983680426099448 -0.04630834796706569 2.5152580860000002 -0.999440719359741 -0.033326480374424206 -0.002755464505310057 14.287151472
-9.726600242854211e-05 0.04927947241365964 -0.9987850239507367 -73.92769340000001 0.03221624227837448 -0.9982664270963599 -0.04925702250043369 2.544556938 -0.9994809173781675 -0.03218189134868417 -0.0014905021075908298 14.269611202
-0.0018588982291606326 0.05272770402496209 -0.9986071964042957 -74.9490676 0.03232811016982885 -0.9980837889393733 -0.05276024589899921 2.56091594 -0.9994755808798128 -0.03238115937905022 0.0001507481461253679 14.250814534000002
0.0011427745019085833 0.05107373216990807 -0.9986942313809549 -76.04314762 0.03461673585624968 -0.9980983466289125 -0.05100364746756053 2.616022332 -0.9994000077596651 -0.03451324873976737 -0.0029086073915335353 14.277320529999999
-0.0007711587799780206 0.04946985118341209 -0.9987753196527669 -77.07246140000001 0.03507981459244958 -0.998159545480218 -0.049466436852692953 2.6416544660000003 -0.9993842163711386 -0.03507499951009493 -0.0009656537006478283 14.24976828
0.00029813178995286016 0.04762355175749772 -0.9988653113147786 -78.12016278 0.03236958548116303 -0.998342376642137 -0.04758895816410587 2.6826506960000005 -0.9994759240550751 -0.03231866831056433 -0.0018391905173423817 14.25852384
-0.0008584294929770975 0.04885880744127152 -0.9988053261024264 -79.16831318 0.030658430966819788 -0.9983348894241384 -0.04886214453105314 2.714703222 -0.9995295509017282 -0.03066374884024345 -0.000640934846210417 14.23677552
-0.0009207591650773894 0.05222566939924509 -0.9986348845110375 -80.20174602 0.02867307606971666 -0.9982233321521405 -0.052230583544367076 2.745326518 -0.9995884192082622 -0.028682025808607417 -0.0005783464048830789 14.237444254000001
3.0030689789795062e-05 0.054164283287278805 -0.9985320381376483 -81.23573546 0.027509718766294437 -0.9981541741370838 -0.05414295918403351 2.788572952 -0.9996215364550476 -0.027467709620205692 -0.0015200177859319153 14.251634077999999
-0.0003041328249375752 0.05505416948164112 -0.998483323740291 -82.27861796 0.028351074881166553 -0.9980815313749167 -0.05504065120395919 2.847539266 -0.9995979821497514 -0.028324815172568085 -0.0012572936640580235 14.24978115
-0.0021448197539775116 0.05770121647386771 -0.9983315926373006 -83.32300152 0.03043018334268341 -0.9978677873652868 -0.05773978593095185 2.8674193239999997 -0.9995345932893089 -0.030503254827269337 0.000384387436876521 14.22145417
-0.0021501822554663708 0.057345022267783395 -0.9983521041613967 -84.34796920000001 0.03215554321757506 -0.9978341731564437 -0.05738452682437419 2.897110744 -0.9994805633441621 -0.03222594140722789 0.00030156373478429366 14.214957856
-0.0020591709529772517 0.0527955630129462 -0.9986032183553666 -85.38194698000001 0.033144260835781716 -0.998053074499477 -0.0528348223670638 2.9358698160000003 -0.9994484564784718 -0.03320676146593561 0.00030529135638768246 14.212129052
-0.0021827239769570683 0.051635761545145986 -0.9986635987911631 -86.41959370000001 0.03595779650946271 -0.9980160941574895 -0.05168087336942244 2.97098648 -0.9993509254966687 -0.03602254754587783 0.0003216851560512435 14.208723474000001
-0.002809138193678118 0.049658007813802446 -0.9987623297770916 -87.44809237999999 0.036022005471742835 -0.9981130379190288 -0.04972704152228054 3.00895122 -0.9993470489492593 -0.03611711224238752 0.00101505680748315 14.185919329999999
-0.0026267898463018247 0.05027128016314366 -0.998732144980107 -88.48491145999999 0.03558909898073031 -0.9980981954513337 -0.05033297397055762 3.051586714 -0.9993630546801029 -0.03567619130091901 0.0008326836880638844 14.199529652
-0.003812622705178237 0.052143462063857456 -0.9986323254195479 -89.53429012000001 0.033753211151894384 -0.998063839130989 -0.052242643045271916 3.0783192660000003 -0.9994229248650415 -0.03390622921256688 0.002045229662698933 14.167916532
-0.0025333899907338253 0.054807202458446495 -0.9984937427200309 -90.54507704 0.03310403655506249 -0.9979450810700468 -0.054861078511809644 3.112472022 -0.9994487012629201 -0.03319315788527377 0.0007138462074971486 14.17906182
-0.002565286691429969 0.05325871362612872 -0.9985774520002038 -91.58057898000001 0.03720942006080254 -0.9978841225430232 -0.053317323948040625 3.162446474 -0.9993041965683263 -0.037293262087561764 0.0005781319253572725 14.175590022000002
-0.001746974905876164 0.054856912645424694 -0.9984926974021276 -92.63924120000001 0.040468249115435506 -0.9976723989407693 -0.054882649391735594 3.1940419500000004 -0.9991792974456065 -0.040503129826438916 -0.0004770550104787885 14.178668526
-0.0020581365003200514 0.054600787736418833 -0.9985061430684836 -93.69583432 0.04422878000570445 -0.9975261721027198 -0.05463836553686934 3.2290319160000003 -0.9990193085151775 -0.04427516174895455 -0.00036188151193805584 14.164792246000001
-0.0010999383884370273 0.050148610373550936 -0.9987411601938139 -94.74809146 0.04475233899290461 -0.9977386683676117 -0.050147560202661215 3.2762919200000002 -0.9989975056737368 -0.04475116218845228 -0.001146818498483193 14.159729958
-0.0007974115038220653 0.046545430080704935 -0.9989158553626417 -95.80425337999999 0.044332872122611104 -0.9979324078622479 -0.04653499527872771 3.309527694 -0.9990164961629192 -0.04432191641652251 -0.0012677307969910512 14.147113244000002
0.0004429303252153627 0.04549789995595591 -0.9989643356315376 -96.87214878 0.04162094452630911 -0.9980996431402007 -0.04544006313981323 3.3494090520000004 -0.9991333743504416 -0.04155771241310258 -0.002335755217761193 14.149070606
