-0.9996398570510747 0.00872234220892216 -0.025378671003757396 -16.048290984 -0.008665904881839733 -0.9999597289201856 -0.0023329446022685774 -0.5441685897999999 -0.02539799771843064 -0.00211217525996369 0.9996751891829883 -24.74456314
-0.9995784654268739 0.006259885007962077 -0.028349696558646532 -16.079809988 -0.006262489559880893 -0.9999803904152406 3.084682132777224e-06 -0.55614515 -0.02834912132311381 0.0001806230604675636 0.9995980675794074 -23.55847582
-0.9995210796622367 0.0048403532932972965 -0.030564395804764527 -16.085883616 -0.004851215853221385 -0.9999881932307275 0.0002812541422190396 -0.5607421908 -0.030562673568581902 0.0004293939253504559 0.9995327603081279 -23.0322499
-0.9994719692557834 0.0029426157543947394 -0.03235929055076282 -16.10351941 -0.003023435872589438 -0.9999924307383143 0.0024489388739970643 -0.5630886338 -0.032351839328715756 0.0025454819988015125 0.9994733016729707 -22.516396540000002
-0.9994609683120209 0.001359478560550797 -0.032801290193789925 -16.131795218 -0.0015141558612811056 -0.9999878498808757 0.004691206949218912 -0.5746049364 -0.03279451405893316 0.004738344505843203 0.9994508823442199 -22.126346
-0.9993800709105026 1.5158136583291626e-05 -0.03520615907378347 -16.163191945999998 -0.00021733181385865947 -0.9999835096458993 0.005738745781181098 -0.5782467152 -0.03520549152306123 0.005742839584146006 0.9993635933944007 -21.250471154
-0.999299244489874 0.0009776390146550794 -0.0374174315524543 -16.171390246 -0.001201764836064852 -0.9999814700642723 0.005967854671250069 -0.5866872352 -0.0374109038022924 0.006008639617699459 0.9992819025148454 -20.985253014
-0.9992729626870217 0.0009467029738504271 -0.0381136431804488 -16.20523982 -0.0012119086022857142 -0.9999752127825805 0.006935783876604447 -0.6050182864000001 -0.03810613232206825 0.0069769315549576 0.9992493412280701 -20.029363068
-0.9992222807808359 -0.002036713969275148 -0.03937874282832519 -16.221385861999998 0.0018028093747705068 -0.9999805276193854 0.0059744673736243014 -0.6130905594 -0.039390144311620044 0.005898828548756198 0.9992064945637547 -19.475192462
-0.9991559714725025 -0.006132696298756813 -0.04061692634034562 -16.264656826 0.005961642093964277 -0.9999728494536908 0.004331186784013907 -0.6198339708 -0.040642385421789905 0.0040853875607778 0.9991654028749974 -18.784227418
-0.9990401360437146 -0.010153451751454583 -0.04261119560884763 -16.272992142 0.01002357152480459 -0.9999444467558813 0.0032605852170080316 -0.6215627109999999 -0.042641934613379326 0.0028303391318230064 0.9990864098981755 -18.20784449
-0.9990453658413442 -0.009112197343736445 -0.04272382065889668 -16.332907756 0.009071876338651242 -0.9999582026468901 0.0011375495371621239 -0.6489537076 -0.04273240049214394 0.0007488783760267882 0.9990862743632725 -17.496251256
-0.9989829981307038 -0.0024631555544489554 -0.04502113183690802 -16.342422755999998 0.0025207513031884864 -0.9999960755513063 -0.0012225771381754384 -0.6481335872 -0.045017943756119505 -0.0013348208516137878 0.9989852880241366 -16.887298912
-0.9989472001006825 0.008123338189134065 -0.04514978171770555 -16.391003178000002 -0.008049544352764665 -0.9999659529176655 -0.0018159959322518278 -0.6567528264 -0.04516299644846848 -0.0014506488817204385 0.9989785794440638 -16.124960368000004
-0.9988147387455166 0.014790038082403518 -0.046372108401604134 -16.412481668 -0.014663027155132903 -0.9998877546760473 -0.0030779349376353305 -0.6617087158 -0.04641242612422783 -0.0023943312956929636 0.9989194926548832 -15.492574592
-0.998781036696041 0.01351292546979088 -0.04747464146734757 -16.465664511999996 -0.013272140308632751 -0.9998974291160183 -0.0053834504617770625 -0.6685852074 -0.04754251811624292 -0.004746798130773926 0.9988579369607529 -14.695772806
-0.9988087459648171 0.006818489843858676 -0.048317669431292856 -16.503498418 -0.00649954927601854 -0.9999560622683356 -0.006754953143442324 -0.6729983524 -0.04836160504192456 -0.006432863204723892 0.9988091767052287 -14.049556554
-0.9987327200648165 0.00035298357866320597 -0.050327222001422325 -16.529699076 -2.867639550788352e-05 -0.9999792332742591 -0.006444547919513694 -0.6618489064 -0.05032845168939329 -0.006434937669920488 0.9987119896637744 -13.232587015999998
-0.99870574947824 0.0018473234155194128 -0.05082728949273521 -16.573015096 -0.001638431025167586 -0.9999900414679087 -0.004151205704423635 -0.6583374182 -0.050834451947036924 -0.0040625559963088165 0.9986988319939663 -12.546037636
-0.9986234553172139 0.011332170014800509 -0.051213049228045655 -16.61833063 -0.011160547179709086 -0.9999311088632064 -0.0036358924841742753 -0.6615614192 -0.0512507236546769 -0.003059321863198383 0.9986811309009107 -11.670157971999998
-0.9984979067654949 0.01888909377881456 -0.05143084989117347 -16.654152306 -0.018784029703007892 -0.9998203750106726 -0.0025254586833644748 -0.6587213270000001 -0.0514693152512231 -0.0015555865967579333 0.9986733644810653 -10.946225179999999
-0.9984125050724683 0.021216031357526064 -0.05217614139642539 -16.697293184 -0.021153409296866623 -0.9997747061528285 -0.0017522021923758303 -0.6522238118 -0.05220156120943646 -0.0006457173067223475 0.9986363619513625 -10.217693266
-0.9984234689849905 0.02037024570216603 -0.0523032472194473 -16.75513983 -0.020341975696259604 -0.9997925049920038 -0.0010728404101767617 -0.6549842991999999 -0.05231424857950288 -7.19766011686039e-06 0.9986306719440723 -9.183817632
-0.9984916101331791 0.01773162567516246 -0.05196242821991342 -16.78888277 -0.017811544271666625 -0.999840783639404 0.0010752963340122954 -0.6424415492 -0.05193508819913754 0.001999205458025703 0.9986484628560741 -8.426561022
-0.9986009785404525 0.014074083907927552 -0.05097063682910972 -16.85841564 -0.013999395746071 -0.999900343560697 -0.0018220499012061588 -0.62728655 -0.050991200960138906 -0.0011059426975259111 0.998698489165009 -7.439593194
-0.9986955307682251 0.008415702788664863 -0.05036281136154021 -16.892920902 -0.008505019107626074 -0.9999626157424863 0.0015594125075894336 -0.6284503082 -0.05034780503303138 0.001985714975209031 0.9987297695279358 -6.638621748
-0.9987624609019126 0.002104839500254262 -0.049690203713024426 -16.938170194 -0.0023247770754963224 -0.9999877544429185 0.004368795688786731 -0.62249869 -0.04968039961506896 0.004478907779725337 0.9987551247580022 -5.617219014
-0.9988063460985663 -0.0035538933728858657 -0.04871604291090402 -16.97905704 0.003387506852506161 -0.999988145820939 0.0034975727215170115 -0.6255382429999999 -0.04872789542271559 0.0033283719011303462 0.9988065463919802 -4.800751692
-0.9987950413572093 -0.004655261622472564 -0.0488548247269784 -17.021573052 0.004544439131375462 -0.999986843570508 0.0023792349336264683 -0.632975167 -0.048865257933000505 0.0021543502766493716 0.9988030560240548 -3.964025274
-0.9987220306453115 -0.004026514643495342 -0.050379486749299256 -17.050635712 0.0039629482126085636 -0.9999912205347151 0.00136157811595243 -0.6447150842 -0.05038452685856328 0.0011601867640063644 0.9987292205143365 -2.7983277299999996
-0.998764758063073 -0.005535208824374343 -0.04937934298244143 -17.119821708 0.005512860229449527 -0.9999846307409286 0.0005887733057639422 -0.6554355324 -0.0493818430417251 0.0003158246120790585 0.998779921727329 -1.9111880942
-0.9987267472440531 -0.00734949492568679 -0.04990860913556014 -17.155806271999996 0.007487695919477884 -0.9999686316032529 -0.002582676787639687 -0.6789574858 -0.04988806221257995 -0.0029530888759539105 0.9987504512945868 -1.0551024
-0.9986996036925064 -0.008241016290240556 -0.050310905711867734 -17.210371684000002 0.008575966664225198 -0.9999424533372625 -0.006445371173895279 -0.7004998616 -0.050254894078274145 -0.006868454287477778 0.9987128054782566 0.1739514106
-0.9986638761727913 -0.008437479871896665 -0.05098304974025689 -17.254842924000002 0.008873129991406629 -0.9999259806522142 -0.00832470905535799 -0.7149359096 -0.05090903644306941 -0.008765965440959584 0.9986648224827885 1.0514280326
-0.9986515561206842 -0.008208683276972726 -0.051260969333653816 -17.29032998 0.00873930921207428 -0.999910439877907 -0.010135911290803112 -0.7391936926 -0.05117317590948604 -0.010570229044709709 0.9986338553067571 1.9496711036
-0.9987059848393328 -0.007987774949096341 -0.050225006700752806 -17.38903496 0.00845253159913571 -0.9999233420911746 -0.00904790864336758 -0.7669024594 -0.050148883898783705 -0.009460728968515185 0.998696943533862 3.2753924060000004
-0.998669763222131 -0.007206917370748489 -0.05105648215254611 -17.431704751999998 0.007721946234953389 -0.9999212037350852 -0.009897366692057782 -0.780471373 -0.05098112958856978 -0.01027845626073144 0.9986467246535353 4.182006488
-0.9986392770148601 -0.004906332869318808 -0.051918419647527365 -17.472247364 0.00546053185686102 -0.9999295645013314 -0.010537961278067883 -0.8042071906 -0.051863060001908094 -0.010807124216612576 0.9985957268442351 5.093142252000001
-0.9986640219523416 -0.004248518432149549 -0.051498750938209215 -17.537976214 0.004892510846793217 -0.9999113286181086 -0.01238540426157194 -0.825710567 -0.05144156485448348 -0.012620815831008676 0.9985962542756623 6.43536157
-0.9985842307382009 -0.00463312896928707 -0.05299120907035244 -17.569438458 0.005278861204959565 -0.9999134355303205 -0.012052181148637715 -0.8549693394 -0.0529307826048569 -0.01231485127862933 0.9985222477317497 7.384268254
-0.998591299946595 -0.0057795952675482945 -0.05274478125742958 -17.638400846 0.0064624563860722715 -0.9998973828876063 -0.01278516139911703 -0.8682406546 -0.05266547568197666 -0.013108011789996675 0.9985261780439298 8.314518146
-0.9985479050456588 -0.004881304802640833 -0.05364936339836477 -17.703199778000002 0.005569721594330025 -0.9999039694295095 -0.012689764399639512 -0.8919894478000001 -0.053582268811499016 -0.012970149674557348 0.9984792019116311 9.64906998
-0.9985116098814045 -0.0029439680143313563 -0.054460058625109206 -17.721902351999997 0.003598261113170299 -0.9999224796595274 -0.011920033077113085 -0.8926085234000001 -0.05442074466672782 -0.01209825292877519 0.998444798808557 10.26258937
-0.9985011928853915 0.0018197070571506133 -0.054699693526084024 -17.81979111 -0.0011457350765854398 -0.9999230776251328 -0.012350146710648633 -0.9287039057999998 -0.05471795954488475 -0.012268964865318498 0.9984264701515047 11.835258864
-0.9984287391709307 0.004110178090637264 -0.05588523272212167 -17.858644496 -0.0034388991606426013 -0.9999208473061706 -0.012102606959398259 -0.9422811156000002 -0.055930553125330205 -0.01189140692744088 0.9983638471145884 12.799017880000001
-0.9984483279633868 0.003970148101611713 -0.055544345474672366 -17.936756794 -0.003345984350897999 -0.9999302639888136 -0.01132570298577144 -0.9390926622 -0.0555854367517431 -0.011122278698613666 0.9983919861730719 13.563068816
-0.9984355478866231 0.003356351489205772 -0.05581390169254922 -18.026447164 -0.0027644799485016585 -0.9999391649497054 -0.010678204453189443 -0.9741468616 -0.055846346058439446 -0.010507202501650418 0.9983840872959036 15.172052346
-0.998390500753731 0.0020707726307396955 -0.056675567112943595 -18.092323546 -0.0013873672442346427 -0.9999258916477245 -0.012094892505994551 -0.9742105493999998 -0.05669641275240982 -0.011996795960326982 0.9983193859353656 16.168556998
-0.9983469800114613 0.0036058990564719227 -0.057361180219241206 -18.148608874 -0.002922617567150153 -0.9999238300180489 -0.011991349744364088 -0.9958557928000001 -0.05740005061588291 -0.011803883010688061 0.9982814759074863 17.148836231999997
-0.9982768440682069 0.005683388124749815 -0.058404123982690084 -18.228658426 -0.005045351666138878 -0.9999260394047694 -0.011066171285621453 -1.0065998712 -0.05846269772536136 -0.010752433202823253 0.9982316865047356 18.553236856
-0.9982664395783558 0.00839860300470067 -0.0582544339973827 -18.316868416 -0.007741940903730119 -0.9999040295849072 -0.0114888629105043 -1.0220321166000002 -0.0583453336936994 -0.011017943887252454 0.9982356577331977 19.54267535
-0.9982615787785797 0.008597330492519354 -0.05830871495757114 -18.377284002 -0.007880207825003873 -0.9998906008655344 -0.012517532712677786 -1.0457623726 -0.058409953400389146 -0.012036287175894719 0.9982201169106606 20.542572094
-0.9982171888358785 0.004657626670815084 -0.05950420513280706 -18.44506015 -0.003797688164676629 -0.9998868343259414 -0.014556651619945076 -1.0550826638 -0.05956527074811081 -0.014304721443491536 0.9981219143040561 21.938871042
-0.9982402186808707 0.00045239948757938515 -0.059298070297258955 -18.503294721999996 0.0004943807099814839 -0.9998726554263765 -0.015950815596633184 -1.0582373274 -0.059297735150582474 -0.015952061471416045 0.9981128735865181 22.54473892
-0.998205480977447 0.000316585301151736 -0.05988086105422302 -18.580218514 0.000584697166966531 -0.9998868250059514 -0.015033140349157306 -1.0871283302 -0.05987884330939443 -0.015041175262645362 0.9980923241188582 24.2094699
-0.9982484342928625 0.0023332452313562842 -0.05911530596553212 -18.651408292 -0.001385634873928935 -0.9998699767724039 -0.01606578865828098 -1.092086501 -0.05914510502741775 -0.015955736144307193 0.9981218723261054 25.1976296
-0.9981583606780283 0.005496290244520405 -0.060412563266186735 -18.714130644 -0.004498479056585172 -0.999851422126143 -0.016640233122440447 -1.123119008 -0.06049504684699806 -0.016337823164047572 0.9980347804500713 26.475562959999998
-0.9982223833444802 0.0059012925951083695 -0.05930639204324032 -18.778136101999998 -0.004975768815694536 -0.999863716031254 -0.015741381418827003 -1.1226745728 -0.05939120403033064 -0.015418304381064389 0.9981157058994796 27.1987749
-0.998211801331726 0.005477839578867603 -0.05952472558122651 -18.857939276 -0.004602293409072653 -0.9998793471660812 -0.014836104815668284 -1.1427876680000002 -0.05959881355655444 -0.014535624660566909 0.998116574818869 28.738652799999997
-0.9982819833882326 0.0032101708427401754 -0.05850449934639857 -18.922753916 -0.002360942865760121 -0.9998909341787343 -0.014578947007435408 -1.1507226125999999 -0.05854491941575244 -0.014415774353860229 0.9981806829003372 29.728159559999998
-0.9982898210171814 0.0012884255961915464 -0.058444616606462184 -19.014218784 -0.00040709311527902534 -0.9998860688286972 -0.015089189418589515 -1.1783304874 -0.05845739924071861 -0.01503959180289345 0.998176607624554 31.016998759999996
-0.9982758042005947 -0.0012639943868907961 -0.058684078468713596 -19.081772731999997 0.0020870916989893075 -0.9999002822501207 -0.013966732057344765 -1.1958954062 -0.05866057275353043 -0.014065129729638493 0.9981788963840479 32.02637218
-0.9982771592642133 -0.004568056689412813 -0.05849654816504521 -19.132782482 0.005223116016310816 -0.9999253026383549 -0.01105025803218871 -1.2075481418 -0.058441700422072765 -0.011336754455315002 0.9982264487903618 33.26008048
-0.998219562181795 -0.006788340195464298 -0.05925895812659867 -19.174953291999998 0.007316082923708696 -0.9999354487678895 -0.008693286382695599 -1.229290832 -0.05919611990251345 -0.009111351978097787 0.9982047917775898 34.26389362
-0.9982710339599291 -0.0036983535342316964 -0.05866229570755881 -19.264023724 0.004171049324219648 -0.9999597982914112 -0.007937515261988501 -1.2643107158 -0.05863058164541917 -0.008168474896528085 0.9982463277571281 35.5525544
-0.9982637714966507 0.0019025786897319053 -0.05887123840982186 -19.315701086 -0.001566769116027787 -0.999982242534279 -0.00574976961751199 -1.2742954972 -0.05888113239496816 -0.005647549065460211 0.9982490259328003 36.547686999999996
-0.9982607556258899 0.008214173104414692 -0.05837800218406111 -19.388732836 -0.007903210601223449 -0.9999533361981642 -0.0055555997332370185 -1.3030575316000002 -0.05842091270242397 -0.005084563542128687 0.9982790922231402 37.7896442
-0.9983283762251712 0.008014459262974826 -0.05723828843606287 -19.467000541999997 -0.007791890147577875 -0.9999611939902433 -0.0041105913759271 -1.2976183572 -0.05726901141364229 -0.0036577255574857487 0.9983520809294271 38.81327428
-0.9983253073993518 0.005279424217321369 -0.05760823106491964 -19.528001416 -0.005267621028372211 -0.9999860623549415 -0.00035674159385591317 -1.3116621584 -0.05760931153205238 -5.268583202935363e-05 0.9983392034035719 40.08619274
-0.9983022367593041 0.002534646346674003 -0.058191233431589995 -19.562576352 -0.0026084380925933026 -0.9999958873859983 0.0011921668526312576 -1.3319120232 -0.058187972392150025 0.0013419310655531588 0.9983047420197078 41.08533154
-0.9983082779013513 -0.0017165335922798796 -0.05811743102173407 -19.661402816 0.001766503469132644 -0.9999981129401904 -0.0008084439093258844 -1.3485483528 -0.05811593362953903 -0.0009097408903410453 0.9983094277749913 42.345229079999996
-0.9983163990387918 -0.006044940425636387 -0.05768731323434331 -19.725396636 0.006107836953875733 -0.999980929245295 -0.0009140423906673491 -1.368038408 -0.0576806877619503 -0.0012648482112782725 0.998334283521759 43.35254044
-0.9983124917528098 -0.00714545146528746 -0.05762908411289447 -19.783323185999997 0.0073944162246732704 -0.9999642226906023 -0.004108034508025769 -1.3783051326 -0.05759766853814599 -0.004527235600238086 0.9983296124676426 44.62449948
-0.9983284636888532 -0.0028953885214317936 -0.05772257196499072 -19.831852062 0.0033273690965024967 -0.9999671648847572 -0.007389030196318317 -1.4114879878000002 -0.057699282524475225 -0.007568743466152408 0.9983053176580889 45.64374144
-0.9983233655672358 -0.001424292477604711 -0.05786561285075415 -19.913618758000002 0.0019315282372401562 -0.9999601950588365 -0.008710768995601978 -1.4274361904000001 -0.05785090283067213 -0.008807933285637183 0.9982863767243828 46.907069
-0.9983523978255765 -0.00019503556441174537 -0.05737988947184359 -19.976288882 0.0006815586251978748 -0.999963985229473 -0.008459534372718987 -1.454629132 -0.05737617303822894 -0.008484704184083864 0.9983165745628904 47.92690408
-0.9983492890362424 0.0007988226796873442 -0.05742872939800083 -20.05429327 -0.0004588074937598224 -0.9999822908600037 -0.005933587618945107 -1.4745657366 -0.05743245226895729 -0.005897444249371583 0.998331973885817 49.18913758
-0.9983127702423211 0.0020067710938446006 -0.05803090244392044 -20.10113105 -0.0017167077877117823 -0.9999857859638527 -0.005047849503208335 -1.4882702208 -0.05804020746905124 -0.004939710519083144 0.998302023791557 50.1932563
-0.9982869688934748 0.0036570966880331273 -0.058393093633508114 -20.184760288 -0.003432021785161312 -0.9999862922667547 -0.0039543020973559365 -1.5015722831999998 -0.05840675446164978 -0.0037471218855746513 0.9982858375113175 51.476651159999996
-0.9982325488908472 0.00517517755437651 -0.05920300559206746 -20.23961038 -0.0050157884536286565 -0.9999833864719854 -0.002840536251969752 -1.5163126044 -0.059216722300733084 -0.002538565991063948 0.9982419217403025 52.48670878
-0.9982211126660622 0.004176390012245493 -0.05947409514564917 -20.30915986 -0.004049559967598931 -0.9999892627056572 -0.0022528953504112707 -1.5400933526 -0.059482865524425894 -0.00200804378854164 0.9982273065638443 53.507038859999994
-0.9981915246784505 0.0003733002774481634 -0.06011273332687461 -20.395205005999998 -0.00026216411860449575 -0.9999982420182584 -0.0018566718527265897 -1.5586989066 -0.06011332074590457 -0.0018375547057565343 0.9981898683030261 54.92401002
-0.9981666575968259 -0.0015567591199954027 -0.06050537302975898 -20.463289198000002 0.0017420352813439278 -0.9999939540480636 -0.003009514978517872 -1.5813569001999999 -0.06050032212729555 -0.0031094000015568254 0.9981633359931859 55.913413160000005
-0.998042481387509 -4.1361239715051966e-05 -0.06253961652557441 -20.51084563 0.00029385594034227023 -0.9999918437399151 -0.004028163642610712 -1.5950037092 -0.06253893982635439 -0.004038656075128763 0.9980343532754172 57.166983720000005
-0.9980006228281798 0.004455009811280056 -0.06304688509018971 -20.576044588000002 -0.0040950330032931675 -0.9999745754496372 -0.005837735775720862 -1.6140880338 -0.0630712893216567 -0.005567884864703109 0.9979934912374022 58.172686000000006
-0.997978153091091 0.008932197777799926 -0.06292711497142216 -20.684571116 -0.00853013523417698 -0.9999414714908383 -0.006655102231131162 -1.649764809 -0.06298287663051737 -0.006104869833044811 0.9979959371936458 59.381390419999995
-0.997928362510087 0.008824337016650911 -0.06372687328187213 -20.750428908 -0.008314050555170857 -0.9999312547429497 -0.008268152858604378 -1.6403029719999997 -0.06379545332884848 -0.007721195797527032 0.9979331276463095 60.38423556
-0.9979033979710059 0.0073135578725002405 -0.06430645525076015 -20.822919238 -0.0068998234210359485 -0.9999540604609245 -0.0066535257134087275 -1.6602567278000002 -0.06435216198723204 -0.0061958727315897235 0.9979080159347409 61.379176320000006
-0.9978796241989485 0.006053183257564841 -0.06480443337591922 -20.90901538 -0.005572642007744866 -0.9999556416507844 -0.007593444008390483 -1.666091548 -0.06484752326632941 -0.0072162111461196 0.9978690940904906 62.74522298
-0.9978010218219958 0.005949425367905792 -0.06601306835073745 -20.960775858 -0.005499317668222961 -0.9999603913853965 -0.006998082996519705 -1.6837283760000001 -0.06605208823702235 -0.00661966753197821 0.9977942200442245 63.68394912
-0.997748735506533 0.00625609454731336 -0.06677066776439235 -21.035126331999997 -0.005959612732006401 -0.9999714829593517 -0.004638564878157538 -1.6914901014000001 -0.0667977829630018 -0.004230194919793355 0.9977575654880708 64.91481282
-0.9977629092759684 0.007649346575732459 -0.06641283287722706 -21.121791965999996 -0.007363766128319315 -0.9999625636549483 -0.0045438130509326225 -1.706173337 -0.06644510382429679 -0.004044599559751074 0.9977818849730167 65.8252617
-0.997676816522029 0.010855339189592734 -0.06725422951982492 -21.18678529 -0.010551576986351266 -0.99993247034612 -0.004870212591583421 -1.7245121233999998 -0.06730255567456188 -0.004149260014148014 0.9977239858856144 66.77000242
-0.9976431304358937 0.010859405744920295 -0.06775143981718845 -21.279991348 -0.01055107031822898 -0.9999322950173947 -0.0049071678472857715 -1.7419829306 -0.06780014163388381 -0.004180752086507875 0.9976901618363019 68.01383314
-0.9974663743312521 0.011591668488930064 -0.0701887833033739 -21.350409388 -0.011404808046878193 -0.9999302735300023 -0.00306242251653911 -1.7500066276000001 -0.07021938787385644 -0.0022541738838628045 0.9975290258675933 68.91618294
-0.9972034070180475 0.009566891453001894 -0.0741204399368636 -21.40535254 -0.009347807695350492 -0.9999508559939868 -0.0033021338751523946 -1.746192239 -0.07414838851787994 -0.0026000355315191704 0.9972438288043564 69.99118786
-0.9969859049018208 0.010270799229072411 -0.07690003972184602 -21.477710341999998 -0.010109258924458759 -0.9999458008037363 -0.00248964635108981 -1.7836701608 -0.07692144245932768 -0.001704739907237884 0.9970356988801605 70.64153250000001
-0.9967260580954245 0.009386002606302894 -0.080306089875202 -21.571931788 -0.009275961768804172 -0.99995545785488 -0.001743226759100928 -1.7773744582000002 -0.08031887480059237 -0.000992603316757221 0.9967687267170366 71.87500122
-0.9963986346267157 0.010825294614994752 -0.08409859634752681 -21.636976569999998 -0.010505517625976495 -0.9999358091271627 -0.004244022215442876 -1.7996114818000002 -0.0841391407760739 -0.0033452386541831516 0.9964483994493338 72.68264234
-0.9962384038724512 0.011317101300144114 -0.08591254778386592 -21.748161864 -0.010919860130091524 -0.9999274097377269 -0.005092338354594773 -1.8027855207999999 -0.08596394187851095 -0.0041350300289980805 0.9962896675315118 73.66378227999999
-0.9960210906837896 0.011959200563543564 -0.08831174575489718 -21.826328942 -0.011369683480433367 -0.9999096176362434 -0.007175434214856816 -1.7997588312 -0.08838957638744187 -0.006142807216404936 0.9960670411033523 74.39699652
-0.9956422590951959 0.013712372683744938 -0.09224132882481735 -21.895796801999996 -0.013089554801959934 -0.9998872871211667 -0.007353679940546696 -1.818653298 -0.09233176843899656 -0.006114236580604063 0.9957095272006784 75.29911906000001
-0.9954296766777851 0.013831375901568334 -0.09449048537890839 -21.968208746 -0.012968742330164134 -0.999868489322586 -0.009737339578455318 -1.8237730609999998 -0.09461273967519382 -0.008467414030378944 0.9954781420087644 76.00699678000001
-0.9951171905803946 0.012605465423968723 -0.0978921817922057 -22.02573802 -0.01160046519555998 -0.9998740751220021 -0.010828809087352578 -1.8296727877999999 -0.09801635690964912 -0.00964033922893055 0.9951381104899646 76.67879185999999
-0.994856109295875 0.009421076742718134 -0.10085913502344941 -22.12508034 -0.00822374113795949 -0.9998907727632107 -0.012280579174249583 -1.8526511058000001 -0.1009638147375901 -0.011387969800056342 0.9948249219629213 77.59978952
-0.9947742944372527 0.005859560987529881 -0.10193021470642077 -22.2302531 -0.004395754837615247 -0.999884050166335 -0.014579559744164278 -1.8639333239999998 -0.10200382573448508 -0.014055311023221478 0.99468470737195 78.18869762
-0.9944123115999186 0.004102119402996397 -0.10548614677196937 -22.2672032 -0.0024051121897920753 -0.9998657220357303 -0.01620966790109253 -1.89125156 -0.1055384763001078 -0.015865387310518342 0.9942886510501086 78.80056756
-0.9943414583319642 0.002947500602535045 -0.10619028435447127 -22.33488576 -0.0009921895632443512 -0.9998290814783141 -0.018461402719400947 -1.8983975582000001 -0.10622654946366279 -0.01825157721117195 0.9941744329983737 79.3584385
-0.9944992712502916 0.001487365196106383 -0.10473293286551083 -22.45058244 0.0006920676438150671 -0.9997840404074323 -0.02077001658484382 -1.8786094206000001 -0.10474120738379222 -0.020728248631558685 0.9942834700899676 80.19757548
-0.9948251679314999 0.004553706295755868 -0.1014995025421103 -22.515722020000002 -0.0020473000676200608 -0.9996907261323753 -0.024784282273069537 -1.9207740574 -0.10158097174056265 -0.024448227836185984 0.9945268187104837 80.71439772
-0.995355256615992 0.006397072701006708 -0.0960572255922983 -22.568288600000002 -0.003745785049720252 -0.9996077063711504 -0.027756124690417123 -1.9336200004 -0.09619710090222545 -0.027267394894392196 0.994988747304449 81.2135379
-0.9960386014600735 0.0068232742727554 -0.08865972780143411 -22.627572 -0.004386474293023174 -0.9996080224773742 -0.02765068249721961 -1.926412939 -0.08881364337140032 -0.027152243507381747 0.9956781078851606 81.89126682
-0.9968024789009398 0.00922411393849873 -0.07937086228121244 -22.655511339999997 -0.007022145963484171 -0.9995838932233285 -0.02797730999571358 -1.9317923482000001 -0.07959590142263055 -0.027330498176548583 0.9964524757940216 82.35638708
-0.9976420611403813 0.01040550980567906 -0.06783836087290404 -22.669597720000002 -0.0085323737796723 -0.9995758855546606 -0.027843268750283687 -1.9401303262000003 -0.06809931305029737 -0.027198793772895156 0.9973077290164638 82.7980428
-0.9984737874579659 0.01128186808904046 -0.05406306697425626 -22.703577600000003 -0.009835480143860546 -0.999588516867088 -0.026945505701275456 -1.9604885498 -0.05434481657509898 -0.026372644910574172 0.998173894202534 83.38223278
-0.9991821360572485 0.009637771829022382 -0.039270502130075186 -22.704809160000003 -0.008589995504891968 -0.9996049005935241 -0.026762934934338803 -1.9582833336000003 -0.0395129214384671 -0.026403713057928407 0.9988701473521033 83.79758815999999
-0.9997437615348809 0.006852475078555019 -0.02157440283563161 -22.69796892 -0.006303129123006863 -0.9996567669306187 -0.025428702159610482 -1.9684444186 -0.021741247334847866 -0.02528620010126588 0.9994438097343656 84.1888971
-0.9999962678709463 0.002680418036020566 -0.0005287753131348598 -22.682001760000002 -0.002666363574217121 -0.9996839902524878 -0.024996202476542172 -1.9815780687999998 -0.0005956084869218332 -0.024994699280255012 0.9996874065704255 84.56951228
-0.9997114556011182 -0.0028916560936359187 0.023846254739305493 -22.65562684 0.002356283209138085 -0.9997452207378781 -0.022448642305333628 -1.9890141106 0.023905092961418187 -0.022385976345708467 0.9994635639765743 85.14041316000001
-0.9987109616940881 -0.004920478706984147 0.05051934163429114 -22.60485458 0.003931394020533274 -0.9997990122880629 -0.01965907344016711 -2.0056789896 0.05060591991974281 -0.019435120703630432 0.9985295756957528 85.51313496
-0.9967163266992866 -0.0064039172591763595 0.08071898127361242 -22.555364700000002 0.004998415590883043 -0.999832572785816 -0.017602336158342946 -2.0109274812 0.08081819062372646 -0.017141068822804292 0.9965814596243392 85.88071668
-0.9934499323328235 -0.008214232141438486 0.1139726210367433 -22.498712280000003 0.0065558384030955895 -0.9998672282177278 -0.01491800654202566 -2.0204297695999998 0.11408002865747816 -0.014073106504321716 0.9933718825764166 86.22064902
-0.988856157750995 -0.009083073607713345 0.14859675987933546 -22.384603339999998 0.007359876496667396 -0.9998991939287377 -0.012142248497203995 -2.0448233982 0.14869206936065493 -0.0109132833946027 0.9888233248854925 86.74868224
-0.9821241960455869 -0.010212591796561777 0.18795682081615683 -22.296393020000004 0.008637319397388767 -0.9999203920403702 -0.009198168044446852 -2.0467118539999998 0.1880357950927099 -0.007410300300473024 0.9821342194804206 87.08537772
-0.9734783893470662 -0.010920251449097841 0.22851821270276348 -22.204001600000005 0.009520145690540636 -0.9999285561635137 -0.007228374274943228 -2.0591421532000003 0.2285808221496455 -0.004861139466859289 0.9735128009792604 87.39046404
-0.9627862974972102 -0.01165044844736101 0.27001261514809644 -22.088535040000004 0.010222255563122989 -0.9999253385311045 -0.006694987268901022 -2.0779837364 0.2700704552137106 -0.0036857040445387205 0.9628335066138838 87.69743708
-0.9487858764005501 -0.0128422524254473 0.31565873553681717 -21.921813936 0.010082341277651029 -0.9998953485236435 -0.010374892538918084 -2.090347941 0.31575893837296537 -0.006660972412059429 0.9488160650219977 88.17378174
-0.9325164360328025 -0.011379154908002627 0.36094821136020194 -21.777615244 0.008392020261643818 -0.999916349547153 -0.009842149365200814 -2.1037317708 0.361030013221169 -0.006148881343662675 0.9325339235514727 88.47870658
-0.9136126284199295 -0.010752388476840118 0.40644354000080635 -21.611925478000003 0.007546412017446567 -0.9999264942113363 -0.00948988091510474 -2.1073825872 0.40651570293410183 -0.005602884628746785 0.9136266131065687 88.77515306000001
-0.8917609941482401 -0.010798668942595851 0.4523778487755281 -21.451538306 0.007905978368148521 -0.9999344292531167 -0.008284485517207008 -2.1249029141999998 0.45243764743857107 -0.0038112915541402537 0.8917878947380655 89.03661733999999
-0.8688980067587664 -0.013873252966770087 0.4947967124325085 -21.174201356 0.0107666167072775 -0.9999003697615674 -0.009128554940796469 -2.1335551226 0.49487405847000815 -0.002604496640153648 0.8689608057160414 89.44137443999999
-0.8420348295201365 -0.016879799658577735 0.5391589916521106 -20.985790452 0.013169375304249099 -0.9998556449122779 -0.010735776226526715 -2.1527833822 0.5392623790604442 -0.0019395103960796849 0.8421355741837251 89.70662294
-0.813007347923035 -0.021180497749661156 0.5818680598150207 -20.763181955999997 0.015481902898983938 -0.9997711907738243 -0.014760649771490386 -2.1674316708 0.5820475609436452 -0.002992091931536385 0.8131492403259215 89.96540168000001
-0.7804168928670812 -0.024789700938235782 0.6247679119877317 -20.540008015999998 0.014647304985808084 -0.9996643647109116 -0.021368537232764627 -2.1838021216 0.6250879374766162 -0.007525201273597835 0.7805180587917888 90.20962918
-0.7450208463857095 -0.02983496134133069 0.6663736290166674 -20.192856244 0.016405361857507194 -0.9995165998962828 -0.026408912017341052 -2.1778649068 0.6668394128044667 -0.008743089464069072 0.7451501562401808 90.5644454
-0.7072370589901837 -0.029960708683509314 0.70634134655571 -19.920392668 0.015769290456061402 -0.9995215793988058 -0.0266071756084303 -2.2028486039999997 0.7068005881417079 -0.007679078755122071 0.7073711597171266 90.78688211999999
-0.6680101698959562 -0.028247285041994037 0.7436158308033788 -19.570955492 0.01585266780293739 -0.9995927060108046 -0.02373004453322898 -2.22187306 0.7439832698772014 -0.004063616342084771 0.668185888249547 91.0309763
-0.6251207396306409 -0.02612638082322035 0.7800906828647766 -19.265039090000002 0.014808107107904108 -0.999656727502273 -0.021613586552873855 -2.22768491 0.7803875839807001 -0.0019594348363223494 0.6252930361418387 91.23156042
-0.5799123450003536 -0.02358792178173015 0.8143373272488349 -18.890315774 0.011064211510796777 -0.9997166010433082 -0.021078444496426926 -2.2467723960000003 0.8146037415998048 -0.003213649757453158 0.5800089813652898 91.46410657999999
-0.5332375753707942 -0.020735038015602197 0.8457113851305579 -18.565155201999996 0.009887030955360832 -0.9997840463031549 -0.018278604345604667 -2.258508296 0.845907758186342 -0.0013852640278852676 0.5333274298394373 91.61894214
-0.48309077047632054 -0.017525874371191838 0.8753948544984214 -18.138530256 0.010079152328227044 -0.9998447168886221 -0.014455199696922244 -2.265943064 0.8755122604756209 0.0018400645256910616 0.4831924007393875 91.82654249999999
-0.43195200200202744 -0.014862230390651201 0.9017741303869993 -17.784296904 0.005512685638894963 -0.9998890444283053 -0.013838682355217062 -2.2945463860000004 0.901879747208274 -0.0010064492521129325 0.43198600560809597 91.96118272
-0.3818794479152112 -0.019227117122162875 0.9240121235226043 -17.334269501999998 0.002775968096560843 -0.9998029301074822 -0.01965693133125299 -2.303019092 0.9242079746738333 -0.004941549899105569 0.38185756352623335 92.12149430000001
-0.3325097176687918 -0.02501689338552141 0.9427679690706304 -16.922381014 0.0037530527197443195 -0.9996753019524656 -0.02520327879306436 -2.3056781880000004 0.9430923618901313 -0.004842077237670127 0.3324956433373676 92.23262136
-0.2845263683370619 -0.025814789676072522 0.9583205834478026 -16.45525662 0.0027296567622686427 -0.9996551452139206 -0.0261178027498161 -2.347150762 0.9586643275931972 -0.004815317279083476 0.2844987112034647 92.36670432
-0.24360078757823067 -0.027846168794466063 0.9694757587132573 -16.018030072 0.0088500747091128 -0.9996099563567193 -0.026487946880284954 -2.34735974 0.9698352086962089 0.002127448180280756 0.24375221272942293 92.43746248000001
-0.2098527342334484 -0.02776400818857252 0.9773387279341177 -15.477039335999999 0.016869319162523322 -0.9995507651525862 -0.02477284710110387 -2.376666512 0.9775874668496765 0.011288389247657314 0.210226820147549 92.49616596
-0.1790424534122076 -0.029610917709180395 0.983395645124085 -15.009552909999998 0.020448588973223797 -0.9994430540982898 -0.026371136203259125 -2.38183044 0.983628820493584 0.015387500383975326 0.17954823966622802 92.56065104000001
-0.1501082561054451 -0.02781158489338116 0.9882783144526387 -14.516483102 0.017552299819810054 -0.9995216874084758 -0.025461994637820378 -2.391934886 0.9885137469163824 0.013524501677294822 0.15052461426916963 92.64840706
-0.12673337974753585 -0.023146949423212666 0.9916667125948203 -13.913588326 0.009417991545382975 -0.9997107159854693 -0.022131104332246312 -2.418885106 0.9918921068198244 0.006534759070762409 0.1269147152125103 92.67881854
-0.1026897374957666 -0.018915598810857345 0.9945335684708632 -13.371184772 0.004855148553195727 -0.9998167986449364 -0.018514769242333903 -2.4236773439999997 0.9947015865204443 0.002927331412253202 0.10276276362028192 92.73922592000001
-0.07958864956575662 -0.01606220958516825 0.9966983763226053 -12.732532208 0.0064612341929337035 -0.9998574801285843 -0.01559717550676931 -2.4590410680000003 0.9968068521000343 0.0051985434813060175 0.07968108947331665 92.78430942
-0.05964071866754361 -0.016666924561987435 0.9980807572295065 -12.161255392 0.014724427760110471 -0.9997665079088421 -0.01581521074185495 -2.479640636 0.9981113041907288 0.013752937479571988 0.05987220358532919 92.79481419999999
-0.041784051461802196 -0.01912099651982148 0.9989436824324621 -11.477114396 0.019348434497273102 -0.9996448512050365 -0.01832510687050776 -2.499214234 0.9989393030921064 0.01856229919486736 0.04213917339705309 92.81259548
-0.027914904562831855 -0.024431455574889606 0.999311693955771 -10.87893884 0.018533490631976485 -0.9995420818587676 -0.023919371192494744 -2.516804884 0.9994384760570582 0.017853026963013947 0.028354921558213952 92.81674314
-0.01545651249772162 -0.028969136331111502 0.9994607961195193 -10.110053998 0.01714945136479407 -0.9994408508418056 -0.028703344494006387 -2.5227290439999996 0.9997334595568562 0.01669655076608698 0.01594467237846131 92.86483514000001
-0.009776830703570938 -0.028199216659959375 0.9995545092592891 -9.477401714 0.01909928603012703 -0.9994251982636302 -0.0280087548525423 -2.546499098 0.999769788538318 0.018816940639091336 0.010309795081270057 92.85266782
-0.008061087863167615 -0.02536599771746318 0.9996457301977124 -8.706419854000002 0.024916998044606953 -0.9993729088381895 -0.025158145585421794 -2.56630803 0.9996570226588541 0.024705368660472925 0.008688078228594076 92.81532788000001
-0.008326120336034082 -0.02336890044891203 0.9996922378072985 -8.004653074 0.027377503245407137 -0.9993574605872902 -0.023133056102647574 -2.5861507980000003 0.9995904902290753 0.027176468873077637 0.008960552744582406 92.83587038
-0.009690412782686453 -0.023806719772956952 0.999669613751752 -7.1417110159999995 0.024833297377304615 -0.999413947339034 -0.023559906747998807 -2.610314828 0.999644638812361 0.024596787559678285 0.01027593371312574 92.86874762000001
-0.01107896070062786 -0.023558319520205217 0.9996610725889836 -6.4317791999999985 0.021002018984360788 -0.9995073798627098 -0.02332193811595923 -2.648799538 0.9997180450841896 0.020736518036738975 0.011568273070727386 92.8849625
-0.012985698088574416 -0.025034826402855766 0.9996022355469221 -5.561380264 0.020659667506528576 -0.9994798414382136 -0.024763374109107693 -2.66547919 0.9997022306576819 0.020329880120817573 0.013496154856877718 92.88657817999999
-0.013789613074787654 -0.025972940258210345 0.9995675327184447 -4.812069592 0.020431315653418308 -0.9994611907432139 -0.025688315214601676 -2.6904789339999997 0.9996961575554674 0.02006824786167911 0.014312843957262844 92.89584106
-0.014356970641286604 -0.025402970736833955 0.9995741924777275 -3.8819909260000003 0.01979910925837056 -0.9994884496339393 -0.025116415365522983 -2.728408496 0.9997008914982184 0.019430083015312405 0.01485258231368669 92.92408554
-0.015175140411321952 -0.024051625489898573 0.9995955361558249 -3.091836858 0.01881100367276413 -0.9995405863870892 -0.023764728200979864 -2.756266964 0.9997078887015849 0.0184427621829501 0.015620605460619608 92.94494946
-0.015625483165204512 -0.0228220061300198 0.9996174264111457 -2.2889916280000002 0.019712663374543353 -0.9995522015802553 -0.022512379221971437 -2.780690022 0.9996835769638925 0.01935335505159901 0.016068367478312418 92.94265596
-0.015253595810991505 -0.020753809057515796 0.9996682482974071 -1.2060360399999999 0.020002077135449922 -0.9995908349028144 -0.020446997049077594 -2.813260868 0.9996835720139996 0.01968355119539286 0.01566247328257009 92.96947638
-0.014082717547936552 -0.019054956186718108 0.9997192534097743 -0.38158238359999996 0.017239188527841082 -0.9996744204585322 -0.018811258856741602 -2.83830789 0.999752212986986 0.016969435040567502 0.01440662441129792 92.98966182
-0.013399280842931405 -0.017727201904679808 0.9997530724614485 0.41160658 0.0178092293920451 -0.9996884631535745 -0.017487366474228588 -2.861696618 0.9997516146183196 0.017570513662758237 0.013710814593136167 92.98794032
-0.012183274852899495 -0.015720515314699278 0.999802197419913 1.5130035931999999 0.01885705776104419 -0.999702204354706 -0.015489156890076804 -2.89195027 0.999747958207489 0.018664619117707063 0.012476090154682318 93.00665616
-0.010557372906049078 -0.01404093962289566 0.9998456850315879 2.3553597980000003 0.01956272461307014 -0.9997129394984534 -0.013832512608716447 -2.918912106 0.9997528903021448 0.019413670798262717 0.010829021320734045 93.0197411
-0.009174142586117262 -0.012813951780441613 0.9998758114727923 3.24407732 0.017757141840549905 -0.9997623078926824 -0.012649570384039981 -2.9510286080000006 0.9998002398690754 0.017638887635412465 0.009399501750535944 93.03074505999999
